           1           1
           2           2
           3           3
           4           4
           5           5
           6          11
           7          12
           8          13
           9           6
          10          14
          11          21
          12          22
          13           7
          14          15
          15          16
          16          23
          17           8
          18          24
          19          17
          20           9
          21          31
          22          32
          23          25
          24          33
          25          18
          26          10
          27          26
          28          27
          29          34
          30          19
          31          41
          32          35
          33          42
          34          20
          35          28
          36          36
          37          43
          38          44
          39          51
          40          29
          41          37
          42          45
          43          52
          44          53
          45          38
          46          30
          47          46
          48         100
          49          61
          50          54
          51          39
          52          62
          53          47
          54          99
          55          55
          56          71
          57          40
          58          90
          59          63
          60          48
          61          56
          62          64
          63          98
          64          89
          65          49
          66          72
          67          80
          68          50
          69          65
          70          57
          71          73
          72          70
          73          97
          74          79
          75          88
          76          81
          77          58
          78          66
          79          60
          80          74
          81          82
          82          59
          83          91
          84          87
          85          83
          86          78
          87          96
          88          69
          89          75
          90          67
          91          68
          92          77
          93          92
          94          76
          95          84
          96          86
          97          95
          98          85
          99          94
         100          93
