       -9999
           1
          11
       -9999
           2
          12
       -9999
           3
          14
       -9999
           4
          15
       -9999
           5
          15
       -9999
           6
          17
       -9999
           7
          18
       -9999
           8
          19
       -9999
           9
          20
       -9999
          10
          20
       -9999
          11
          21
       -9999
          12
          22
       -9999
          13
          23
       -9999
          14
          25
       -9999
          15
          25
       -9999
          16
          26
       -9999
          17
          28
       -9999
          18
          29
       -9999
          19
          30
       -9999
          20
          30
       -9999
          21
          31
       -9999
          22
          32
       -9999
          23
          34
       -9999
          24
          34
       -9999
          25
          36
       -9999
          26
          37
       -9999
          27
          37
       -9999
          28
          39
       -9999
          29
          40
       -9999
          30
          40
       -9999
          31
          41
       -9999
          32
          43
       -9999
          33
          43
       -9999
          34
          45
       -9999
          35
          46
       -9999
          36
          47
       -9999
          37
          48
       -9999
          38
          48
       -9999
          39
          49
       -9999
          40
          50
       -9999
          41
          52
       -9999
          42
          52
       -9999
          43
          54
       -9999
          44
          55
       -9999
          45
          55
       -9999
          46
          57
       -9999
          47
          57
       -9999
          48
          58
       -9999
          49
          59
       -9999
          50
          60
       -9999
          51
          61
       -9999
          52
          63
       -9999
          53
          63
       -9999
          54
          64
       -9999
          55
          66
       -9999
          56
          66
       -9999
          57
          67
       -9999
          58
          68
       -9999
          59
          68
       -9999
          60
          69
       -9999
          61
          72
       -9999
          62
          72
       -9999
          63
          73
       -9999
          64
          74
       -9999
          65
          76
       -9999
          66
          76
       -9999
          67
          76
       -9999
          68
          77
       -9999
          69
          68
       -9999
          70
          69
       -9999
          71
          81
       -9999
          72
          82
       -9999
          73
          84
       -9999
          74
          84
       -9999
          75
          85
       -9999
          76
          85
       -9999
          77
          76
       -9999
          78
          77
       -9999
          79
          78
       -9999
          80
          69
       -9999
          81
          92
       -9999
          82
          92
       -9999
          83
          93
       -9999
          84
          94
       -9999
          85
          94
       -9999
          86
          85
       -9999
          87
          86
       -9999
          88
          87
       -9999
          89
          78
       -9999
          90
          79
       -9999
          91
          92
       -9999
          92
          93
       -9999
          93
          93
       -9999
          94
          94
       -9999
          95
          94
       -9999
          96
          85
       -9999
          97
          86
       -9999
          98
          87
       -9999
          99
          88
       -9999
         100
          90
