       -9999
           1
          11
       -9999
           2
          12
       -9999
           3
          13
          14
       -9999
           4
          15
       -9999
           5
          15
          16
       -9999
           6
          16
          17
       -9999
           7
          17
          18
       -9999
           8
          18
          19
       -9999
           9
          19
          20
       -9999
          10
          20
       -9999
          11
          21
       -9999
          12
          22
          23
       -9999
          13
          23
          24
       -9999
          14
          24
          25
       -9999
          15
          25
          26
       -9999
          16
          26
          27
       -9999
          17
          28
       -9999
          18
          28
          29
       -9999
          19
          29
          30
       -9999
          20
          30
       -9999
          21
          31
       -9999
          22
          32
          33
       -9999
          23
          33
          34
       -9999
          24
          34
          35
       -9999
          25
          35
          36
       -9999
          26
          36
          37
       -9999
          27
          37
          38
       -9999
          28
          38
          39
       -9999
          29
          39
          40
       -9999
          30
          40
       -9999
          31
          41
       -9999
          32
          42
          43
       -9999
          33
          43
          44
       -9999
          34
          44
          45
       -9999
          35
          45
          46
       -9999
          36
          46
          47
       -9999
          37
          47
          48
       -9999
          38
          48
          49
       -9999
          39
          49
          50
       -9999
          40
          50
       -9999
          41
          51
          52
       -9999
          42
          52
          53
       -9999
          43
          53
          54
       -9999
          44
          54
          55
       -9999
          45
          55
          56
       -9999
          46
          56
          57
       -9999
          47
          57
          58
       -9999
          48
          58
          59
       -9999
          49
          59
       -9999
          50
          60
       -9999
          51
          61
       -9999
          52
          62
          63
       -9999
          53
          63
          64
       -9999
          54
          64
          65
       -9999
          55
          65
          66
       -9999
          56
          66
          67
       -9999
          57
          67
          68
       -9999
          58
          68
       -9999
          59
          68
       -9999
          60
          69
       -9999
          61
          71
          72
       -9999
          62
          72
          73
       -9999
          63
          73
          74
       -9999
          64
          74
          75
       -9999
          65
          75
          76
       -9999
          66
          76
       -9999
          67
          76
       -9999
          68
          77
       -9999
          69
          68
       -9999
          70
          69
       -9999
          71
          81
       -9999
          72
          82
          83
       -9999
          73
          83
          84
       -9999
          74
          84
          85
       -9999
          75
          85
       -9999
          76
          85
       -9999
          77
          76
       -9999
          78
          77
       -9999
          79
          78
       -9999
          80
          69
       -9999
          81
          91
          92
       -9999
          82
          92
          93
       -9999
          83
          93
       -9999
          84
          94
       -9999
          85
          94
       -9999
          86
          85
       -9999
          87
          86
       -9999
          88
          87
       -9999
          89
          78
       -9999
          90
          79
          80
       -9999
          91
          92
       -9999
          92
          93
       -9999
          93
          93
       -9999
          94
          94
       -9999
          95
          94
       -9999
          96
          85
       -9999
          97
          86
       -9999
          98
          87
       -9999
          99
          88
       -9999
         100
          90
