       -9999
           1
 1.000
       -9999
           2
 1.000
       -9999
           3
 0.410
 0.590
       -9999
           4
 1.000
       -9999
           5
 0.590
 0.410
       -9999
           6
 0.251
 0.749
       -9999
           7
 0.251
 0.749
       -9999
           8
 0.251
 0.749
       -9999
           9
 0.410
 0.590
       -9999
          10
 1.000
       -9999
          11
 1.000
       -9999
          12
 0.590
 0.410
       -9999
          13
 0.688
 0.312
       -9999
          14
 0.410
 0.590
       -9999
          15
 0.688
 0.312
       -9999
          16
 0.688
 0.312
       -9999
          17
 1.000
       -9999
          18
 0.181
 0.819
       -9999
          19
 0.312
 0.688
       -9999
          20
 1.000
       -9999
          21
 1.000
       -9999
          22
 0.688
 0.312
       -9999
          23
 0.410
 0.590
       -9999
          24
 0.749
 0.251
       -9999
          25
 0.410
 0.590
       -9999
          26
 0.312
 0.688
       -9999
          27
 0.646
 0.354
       -9999
          28
 0.410
 0.590
       -9999
          29
 0.410
 0.590
       -9999
          30
 1.000
       -9999
          31
 1.000
       -9999
          32
 0.410
 0.590
       -9999
          33
 0.749
 0.251
       -9999
          34
 0.410
 0.590
       -9999
          35
 0.312
 0.688
       -9999
          36
 0.410
 0.590
       -9999
          37
 0.410
 0.590
       -9999
          38
 0.819
 0.181
       -9999
          39
 0.516
 0.484
       -9999
          40
 1.000
       -9999
          41
 0.410
 0.590
       -9999
          42
 0.749
 0.251
       -9999
          43
 0.181
 0.819
       -9999
          44
 0.410
 0.590
       -9999
          45
 0.646
 0.354
       -9999
          46
 0.410
 0.590
       -9999
          47
 0.590
 0.410
       -9999
          48
 0.749
 0.251
       -9999
          49
 1.000
       -9999
          50
 1.000
       -9999
          51
 1.000
       -9999
          52
 0.312
 0.688
       -9999
          53
 0.646
 0.354
       -9999
          54
 0.590
 0.410
       -9999
          55
 0.312
 0.688
       -9999
          56
 0.790
 0.210
       -9999
          57
 0.688
 0.312
       -9999
          58
 1.000
       -9999
          59
 1.000
       -9999
          60
 1.000
       -9999
          61
 0.312
 0.688
       -9999
          62
 0.590
 0.410
       -9999
          63
 0.516
 0.484
       -9999
          64
 0.749
 0.251
       -9999
          65
 0.410
 0.590
       -9999
          66
 1.000
       -9999
          67
 1.000
       -9999
          68
 1.000
       -9999
          69
 1.000
       -9999
          70
 1.000
       -9999
          71
 1.000
       -9999
          72
 0.688
 0.312
       -9999
          73
 0.251
 0.749
       -9999
          74
 0.590
 0.410
       -9999
          75
 1.000
       -9999
          76
 1.000
       -9999
          77
 1.000
       -9999
          78
 1.000
       -9999
          79
 1.000
       -9999
          80
 1.000
       -9999
          81
 0.251
 0.749
       -9999
          82
 0.590
 0.410
       -9999
          83
 1.000
       -9999
          84
 1.000
       -9999
          85
 1.000
       -9999
          86
 1.000
       -9999
          87
 1.000
       -9999
          88
 1.000
       -9999
          89
 1.000
       -9999
          90
 0.749
 0.251
       -9999
          91
 1.000
       -9999
          92
 1.000
       -9999
          93
 1.000
       -9999
          94
 1.000
       -9999
          95
 1.000
       -9999
          96
 1.000
       -9999
          97
 1.000
       -9999
          98
 1.000
       -9999
          99
 1.000
       -9999
         100
 1.000
